#This is for Eis cosmography
#Covariance Matrices:  SD_i, {E1,E2,E3}
SD_1	{{0.0067070787, -0.02728525, 0.019351966}, {-0.02728525, 0.12583257, -0.11447277}, {0.019351966, -0.11447277, 0.20751948}}
SD_2	{{0.0064343777, -0.023506002, 0.00434447}, {-0.023506002, 0.099798979, -0.041753813}, {0.00434447, -0.041753813, 0.11065041}}
SD_3	{{0.0067468819, -0.026167544, 0.012218272}, {-0.026167544, 0.11683576, -0.08143356}, {0.012218272, -0.08143356, 0.16655866}}
SD_4	{{0.0067037608, -0.026405427, 0.014455161}, {-0.026405427, 0.11809378, -0.088849614}, {0.014455161, -0.088849614, 0.16957375}}
SD_5	{{0.0070229966, -0.028367205, 0.018964252}, {-0.028367205, 0.12952644, -0.11283861}, {0.018964252, -0.11283861, 0.21102377}}
SD_6	{{0.0072770461, -0.033111385, 0.040447083}, {-0.033111385, 0.16831636, -0.23629367}, {0.040447083, -0.23629367, 0.44983615}}
SD_7	{{0.0064463, -0.022172714, -0.0033540423}, {-0.022172714, 0.088829818, -0.0088694699}, {-0.0033540423, -0.0088694699, 0.10138423}}
SD_8	{{0.0059980303, -0.021322517, 0.00088624818}, {-0.021322517, 0.089248239, -0.02412339}, {0.00088624818, -0.02412339, 0.090273026}}
SD_9	{{0.0063736661, -0.023742256, 0.0064602317}, {-0.023742256, 0.10225697, -0.049246486}, {0.0064602317, -0.049246486, 0.11115711}}
SD_10	{{0.0069882599, -0.029691591, 0.026746486}, {-0.029691591, 0.1421299, -0.15339575}, {0.026746486, -0.15339575, 0.26892094}}
SD_11	{{0.0068900452, -0.029628068, 0.029019263}, {-0.029628068, 0.14302357, -0.16637375}, {0.029019263, -0.16637375, 0.30072804}}
SD_12	{{0.0063249237, -0.022307752, -0.00079082419}, {-0.022307752, 0.093040793, -0.02027562}, {-0.00079082419, -0.02027562, 0.10096696}}
SD_13	{{0.0068556202, -0.025993839, 0.0083105979}, {-0.025993839, 0.11347988, -0.061242809}, {0.0083105979, -0.061242809, 0.13924048}}
SD_14	{{0.0067886995, -0.025893048, 0.010147212}, {-0.025893048, 0.11379013, -0.071542549}, {0.010147212, -0.071542549, 0.16127045}}
SD_15	{{0.0071485935, -0.030101657, 0.025700048}, {-0.030101657, 0.14316252, -0.15190929}, {0.025700048, -0.15190929, 0.28299871}}
SD_16	{{0.0072502432, -0.031954069, 0.033419127}, {-0.031954069, 0.15818856, -0.19325743}, {0.033419127, -0.19325743, 0.34509664}}
SD_17	{{0.0077771963, -0.034337385, 0.035375604}, {-0.034337385, 0.16990065, -0.20703498}, {0.035375604, -0.20703498, 0.38766212}}
SD_18	{{0.0067325842, -0.025041946, 0.0065738753}, {-0.025041946, 0.1070114, -0.050334888}, {0.0065738753, -0.050334888, 0.11885295}}
SD_19	{{0.0069104614, -0.026948019, 0.012909272}, {-0.026948019, 0.1201274, -0.082682638}, {0.012909272, -0.082682638, 0.16501489}}
SD_20	{{0.0062030643, -0.021864935, -0.00036336815}, {-0.021864935, 0.089804475, -0.019543703}, {-0.00036336815, -0.019543703, 0.092646759}}
SD_21	{{0.0061854666, -0.020682763, -0.0062142857}, {-0.020682763, 0.082455076, 0.0032082231}, {-0.0062142857, 0.0032082231, 0.088253662}}
SD_22	{{0.0066842206, -0.02782667, 0.022734302}, {-0.02782667, 0.13096435, -0.1311692}, {0.022734302, -0.1311692, 0.22895095}}
SD_23	{{0.0070400151, -0.030669683, 0.029362891}, {-0.030669683, 0.14983376, -0.16870643}, {0.029362891, -0.16870643, 0.29042383}}
SD_24	{{0.0074014924, -0.031716078, 0.029350367}, {-0.031716078, 0.15292619, -0.17293929}, {0.029350367, -0.17293929, 0.3290347}}
SD_25	{{0.0064708573, -0.02482232, 0.011026648}, {-0.02482232, 0.10967281, -0.071797633}, {0.011026648, -0.071797633, 0.14057286}}
SD_26	{{0.0068088543, -0.02685605, 0.014742727}, {-0.02685605, 0.12064609, -0.0921929}, {0.014742727, -0.0921929, 0.18139163}}
SD_27	{{0.0078996952, -0.03518318, 0.037162183}, {-0.03518318, 0.17595675, -0.21887936}, {0.037162183, -0.21887936, 0.40136795}}
SD_28	{{0.0068582446, -0.026392421, 0.011349894}, {-0.026392421, 0.11603783, -0.076346904}, {0.011349894, -0.076346904, 0.16573421}}
SD_29	{{0.007245985, -0.031145783, 0.030201595}, {-0.031145783, 0.15083192, -0.17693426}, {0.030201595, -0.17693426, 0.33149257}}
SD_30	{{0.0064894462, -0.023397601, 0.002037756}, {-0.023397601, 0.097727191, -0.030290689}, {0.002037756, -0.030290689, 0.10280346}}
SD_31	{{0.0058069021, -0.018195549, -0.011511805}, {-0.018195549, 0.070922436, 0.023505438}, {-0.011511805, 0.023505438, 0.084836045}}
SD_32	{{0.005939541, -0.019363001, -0.0082264797}, {-0.019363001, 0.076137693, 0.01180648}, {-0.0082264797, 0.01180648, 0.081752406}}
SD_33	{{0.0069264611, -0.028213979, 0.020651091}, {-0.028213979, 0.13052091, -0.1202856}, {0.020651091, -0.1202856, 0.21746447}}
SD_34	{{0.0075470336, -0.035412886, 0.047682215}, {-0.035412886, 0.18556721, -0.28543845}, {0.047682215, -0.28543845, 0.57589771}}
SD_35	{{0.0074793578, -0.033840852, 0.039587726}, {-0.033840852, 0.17360025, -0.24266924}, {0.039587726, -0.24266924, 0.49466581}}
SD_36	{{0.0072765078, -0.032851077, 0.037349005}, {-0.032851077, 0.16588473, -0.21874446}, {0.037349005, -0.21874446, 0.40625585}}
SD_37	{{0.0065088736, -0.023911037, 0.0046572619}, {-0.023911037, 0.10157166, -0.043711593}, {0.0046572619, -0.043711593, 0.12075971}}
SD_38	{{0.00654912, -0.02364876, 0.0019920354}, {-0.02364876, 0.099743471, -0.032359086}, {0.0019920354, -0.032359086, 0.11187614}}
SD_39	{{0.0066750437, -0.025302865, 0.0083319197}, {-0.025302865, 0.10987965, -0.060297217}, {0.0083319197, -0.060297217, 0.13506647}}
SD_40	{{0.0065402671, -0.022397091, -0.0031963806}, {-0.022397091, 0.090206978, -0.010182437}, {-0.0031963806, -0.010182437, 0.097418777}}
SD_41	{{0.0059670674, -0.021964059, 0.0037477281}, {-0.021964059, 0.0976128, -0.037682369}, {0.0037477281, -0.037682369, 0.091223351}}
SD_42	{{0.0070338933, -0.028857659, 0.021431827}, {-0.028857659, 0.13392211, -0.12653306}, {0.021431827, -0.12653306, 0.22994324}}
SD_43	{{0.0061888072, -0.021341535, -0.0020326118}, {-0.021341535, 0.092680247, -0.014620535}, {-0.0020326118, -0.014620535, 0.082991158}}
SD_44	{{0.0068092922, -0.026823571, 0.015209693}, {-0.026823571, 0.11990852, -0.092601814}, {0.015209693, -0.092601814, 0.17495196}}
SD_45	{{0.0070081836, -0.029825748, 0.02710031}, {-0.029825748, 0.14375344, -0.15872201}, {0.02710031, -0.15872201, 0.29108709}}
SD_46	{{0.0064483534, -0.023107581, 0.0014342438}, {-0.023107581, 0.095832296, -0.028395539}, {0.0014342438, -0.028395539, 0.10318103}}
SD_47	{{0.0073027227, -0.031665456, 0.031817243}, {-0.031665456, 0.154132, -0.18524338}, {0.031817243, -0.18524338, 0.34518616}}
SD_48	{{0.0066166271, -0.025429194, 0.010865913}, {-0.025429194, 0.11199887, -0.071232198}, {0.010865913, -0.071232198, 0.14394941}}
SD_49	{{0.0074979955, -0.036618398, 0.055104315}, {-0.036618398, 0.19905574, -0.33462918}, {0.055104315, -0.33462918, 0.69237884}}
SD_50	{{0.0063260057, -0.022616563, 0.0014028443}, {-0.022616563, 0.094423628, -0.029399001}, {0.0014028443, -0.029399001, 0.109278}}
SD_51	{{0.0074871022, -0.035427179, 0.048411111}, {-0.035427179, 0.18661772, -0.28806048}, {0.048411111, -0.28806048, 0.57399583}}
SD_52	{{0.0066618895, -0.024973793, 0.006025213}, {-0.024973793, 0.10881641, -0.052132825}, {0.006025213, -0.052132825, 0.13204748}}
SD_53	{{0.0070068159, -0.028437416, 0.019755561}, {-0.028437416, 0.13065841, -0.11808095}, {0.019755561, -0.11808095, 0.22176179}}
SD_54	{{0.0062381242, -0.022655728, 0.0038366671}, {-0.022655728, 0.099038548, -0.040852903}, {0.0038366671, -0.040852903, 0.11548478}}
SD_55	{{0.007294014, -0.031306233, 0.029504982}, {-0.031306233, 0.15065719, -0.17075374}, {0.029504982, -0.17075374, 0.31287594}}
SD_56	{{0.0075142082, -0.031670004, 0.027371125}, {-0.031670004, 0.15008175, -0.16076912}, {0.027371125, -0.16076912, 0.30702022}}
SD_57	{{0.0065343691, -0.025681992, 0.014070026}, {-0.025681992, 0.11473476, -0.085646409}, {0.014070026, -0.085646409, 0.15916558}}
SD_58	{{0.0062109772, -0.023485802, 0.0062633418}, {-0.023485802, 0.10546843, -0.051506285}, {0.0062633418, -0.051506285, 0.11293372}}
SD_59	{{0.006466936, -0.025053206, 0.011003434}, {-0.025053206, 0.11124301, -0.071862722}, {0.011003434, -0.071862722, 0.14387119}}
SD_60	{{0.0070278038, -0.027335463, 0.013735833}, {-0.027335463, 0.12154982, -0.087857968}, {0.013735833, -0.087857968, 0.17822513}}
SD_61	{{0.0072988087, -0.030519966, 0.025547529}, {-0.030519966, 0.14369849, -0.14976436}, {0.025547529, -0.14976436, 0.28272893}}
SD_62	{{0.0066427704, -0.026725003, 0.017503743}, {-0.026725003, 0.12227238, -0.1037601}, {0.017503743, -0.1037601, 0.18664905}}
SD_63	{{0.0072800672, -0.031781728, 0.030899624}, {-0.031781728, 0.15555661, -0.17797879}, {0.030899624, -0.17797879, 0.31245076}}
SD_64	{{0.0068471525, -0.025659385, 0.0073243732}, {-0.025659385, 0.1100054, -0.054981138}, {0.0073243732, -0.054981138, 0.13059451}}
SD_65	{{0.0073036332, -0.028387063, 0.014300376}, {-0.028387063, 0.12611393, -0.093782792}, {0.014300376, -0.093782792, 0.20255861}}
SD_66	{{0.0063326021, -0.024214109, 0.010245411}, {-0.024214109, 0.10627303, -0.066711866}, {0.010245411, -0.066711866, 0.13177411}}
SD_67	{{0.0058895238, -0.019340534, -0.0075788148}, {-0.019340534, 0.077111315, 0.0082829917}, {-0.0075788148, 0.0082829917, 0.084878095}}
SD_68	{{0.0066105017, -0.024725931, 0.0071609105}, {-0.024725931, 0.10629952, -0.054000363}, {0.0071609105, -0.054000363, 0.12354506}}
SD_69	{{0.0060213201, -0.021581124, 0.0016940995}, {-0.021581124, 0.090513437, -0.02648054}, {0.0016940995, -0.02648054, 0.08585024}}
SD_70	{{0.0071249802, -0.031330074, 0.033080874}, {-0.031330074, 0.15524614, -0.19199385}, {0.033080874, -0.19199385, 0.34859697}}
SD_71	{{0.0070046547, -0.028833774, 0.022342972}, {-0.028833774, 0.13440053, -0.13355583}, {0.022342972, -0.13355583, 0.25804053}}
SD_72	{{0.0069993538, -0.029068748, 0.024085334}, {-0.029068748, 0.13629842, -0.13944633}, {0.024085334, -0.13944633, 0.25189156}}
SD_73	{{0.0055409129, -0.017345391, -0.0095278651}, {-0.017345391, 0.071485395, 0.015108806}, {-0.0095278651, 0.015108806, 0.081034796}}
SD_74	{{0.0071060885, -0.029183696, 0.018798468}, {-0.029183696, 0.13706119, -0.11201812}, {0.018798468, -0.11201812, 0.19412001}}
SD_75	{{0.006929304, -0.027755287, 0.017441065}, {-0.027755287, 0.12726215, -0.10763297}, {0.017441065, -0.10763297, 0.2063224}}
SD_76	{{0.0064995801, -0.024367677, 0.0075168872}, {-0.024367677, 0.10446884, -0.054200917}, {0.0075168872, -0.054200917, 0.12374709}}
SD_77	{{0.0062348448, -0.021303385, -0.0038704267}, {-0.021303385, 0.086132331, -0.005738315}, {-0.0038704267, -0.005738315, 0.09036765}}
SD_78	{{0.0069883012, -0.026469675, 0.0088130529}, {-0.026469675, 0.11529903, -0.064394581}, {0.0088130529, -0.064394581, 0.14242021}}
SD_79	{{0.0070373671, -0.032802091, 0.042099633}, {-0.032802091, 0.17111338, -0.25025005}, {0.042099633, -0.25025005, 0.47588779}}
SD_80	{{0.0073720505, -0.03084626, 0.0258311}, {-0.03084626, 0.14583477, -0.15244024}, {0.0258311, -0.15244024, 0.28707142}}
SD_81	{{0.0073927871, -0.033815678, 0.0407502}, {-0.033815678, 0.17292968, -0.23993817}, {0.0407502, -0.23993817, 0.45456096}}
SD_82	{{0.0061972325, -0.020697197, -0.0064017998}, {-0.020697197, 0.081249349, 0.0035412445}, {-0.0064017998, 0.0035412445, 0.091990723}}
SD_83	{{0.0067269969, -0.02862621, 0.025467085}, {-0.02862621, 0.13877965, -0.14969721}, {0.025467085, -0.14969721, 0.2553039}}
SD_84	{{0.0077007184, -0.036187176, 0.048039999}, {-0.036187176, 0.18904968, -0.28512404}, {0.048039999, -0.28512404, 0.56202238}}
SD_85	{{0.0069062642, -0.028528036, 0.020852291}, {-0.028528036, 0.13421035, -0.1243175}, {0.020852291, -0.1243175, 0.21518492}}
SD_86	{{0.0069470353, -0.028408865, 0.020012719}, {-0.028408865, 0.13170885, -0.12015479}, {0.020012719, -0.12015479, 0.22375594}}
SD_87	{{0.0066425854, -0.025073351, 0.0089778235}, {-0.025073351, 0.10927828, -0.062881159}, {0.0089778235, -0.062881159, 0.13500852}}
SD_88	{{0.0072179818, -0.034924537, 0.051390624}, {-0.034924537, 0.18806054, -0.30871279}, {0.051390624, -0.30871279, 0.62423649}}
SD_89	{{0.0071406706, -0.033010472, 0.042692214}, {-0.033010472, 0.17002561, -0.2487185}, {0.042692214, -0.2487185, 0.47458525}}
SD_90	{{0.006508366, -0.02483148, 0.010386872}, {-0.02483148, 0.10844863, -0.067441253}, {0.010386872, -0.067441253, 0.13546465}}
SD_91	{{0.0071858991, -0.031053731, 0.030076605}, {-0.031053731, 0.15104635, -0.17581986}, {0.030076605, -0.17581986, 0.32843696}}
SD_92	{{0.0070396348, -0.027266685, 0.012679713}, {-0.027266685, 0.12022299, -0.08236942}, {0.012679713, -0.08236942, 0.17200688}}
SD_93	{{0.0070743473, -0.028661384, 0.018544558}, {-0.028661384, 0.1328899, -0.11060742}, {0.018544558, -0.11060742, 0.188852}}
SD_94	{{0.005915671, -0.020954064, 0.0010163934}, {-0.020954064, 0.088251573, -0.024572262}, {0.0010163934, -0.024572262, 0.083551396}}
SD_95	{{0.006295168, -0.022449792, 0.0011870745}, {-0.022449792, 0.094059227, -0.027116297}, {0.0011870745, -0.027116297, 0.095016016}}
SD_96	{{0.006277165, -0.02245901, 0.0020417058}, {-0.02245901, 0.09419035, -0.030376689}, {0.0020417058, -0.030376689, 0.099610263}}
SD_97	{{0.0076038585, -0.034884109, 0.04278995}, {-0.034884109, 0.17858137, -0.25155807}, {0.04278995, -0.25155807, 0.48205044}}
SD_98	{{0.0065518464, -0.025565827, 0.012136255}, {-0.025565827, 0.11576011, -0.079747504}, {0.012136255, -0.079747504, 0.15526831}}
SD_99	{{0.0065890163, -0.025542373, 0.010760431}, {-0.025542373, 0.11351075, -0.069923144}, {0.010760431, -0.069923144, 0.1338083}}
SD_100	{{0.006063833, -0.022531966, 0.0052758823}, {-0.022531966, 0.097992638, -0.044774296}, {0.0052758823, -0.044774296, 0.10416652}}